[gd_scene load_steps=16 format=3 uid="uid://b3r0paotiofsf"]

[ext_resource type="PackedScene" uid="uid://bio537nfnpaax" path="res://levels/static/floor.tscn" id="1_jttng"]
[ext_resource type="PackedScene" uid="uid://dbex1wqk7tb1i" path="res://levels/static/wall.tscn" id="2_wtk4b"]
[ext_resource type="PackedScene" uid="uid://bgqffqcrj76oa" path="res://entities/player/fear_fps_camera.tscn" id="3_ilhe8"]
[ext_resource type="PackedScene" uid="uid://344gk8ncqdyu" path="res://entities/props/file_cabinet.tscn" id="4_kibtf"]
[ext_resource type="PackedScene" uid="uid://0lqtif0tsjl2" path="res://entities/props/computer.tscn" id="6_yt7hq"]
[ext_resource type="PackedScene" uid="uid://beaw6q5ryfffo" path="res://entities/props/building-giant.tscn" id="7_mgl3c"]
[ext_resource type="PackedScene" uid="uid://bkxfia4slx4hr" path="res://entities/props/building-large.tscn" id="8_k3rf7"]
[ext_resource type="PackedScene" uid="uid://e80cpb5in6ry" path="res://entities/props/building-medium.tscn" id="9_caf34"]
[ext_resource type="PackedScene" uid="uid://cxbky4fygpyrr" path="res://entities/props/building-small.tscn" id="10_8brqj"]
[ext_resource type="PackedScene" path="res://entities/props/computer-chair.tscn" id="11_xoyfj"]
[ext_resource type="PackedScene" path="res://entities/props/office-chair.tscn" id="12_und5l"]
[ext_resource type="PackedScene" uid="uid://dhvrh83k4oh7a" path="res://entities/props/table_method2.tscn" id="13_w5n6e"]

[sub_resource type="ProceduralSkyMaterial" id="ProceduralSkyMaterial_81ae5"]
sky_top_color = Color(1, 0.85098, 0.827451, 1)
sky_horizon_color = Color(1, 0.490196, 0.286275, 1)
sky_curve = 0.9415
ground_bottom_color = Color(0, 0, 0, 1)
ground_horizon_color = Color(0.00784314, 0.00784314, 0.0313726, 1)
sun_curve = 0.0184576

[sub_resource type="Sky" id="Sky_1ul0o"]
sky_material = SubResource("ProceduralSkyMaterial_81ae5")

[sub_resource type="Environment" id="Environment_vafh1"]
background_mode = 2
sky = SubResource("Sky_1ul0o")
ambient_light_source = 3
reflected_light_source = 2

[node name="fear_fps_main" type="Node3D"]

[node name="room_1" type="Node3D" parent="."]

[node name="floor" type="Node3D" parent="room_1"]

[node name="floor" parent="room_1/floor" instance=ExtResource("1_jttng")]

[node name="floor2" parent="room_1/floor" instance=ExtResource("1_jttng")]
transform = Transform3D(1, 0, 0, 0, 1, 0, 0, 0, 1, 8, 0, 0)

[node name="floor3" parent="room_1/floor" instance=ExtResource("1_jttng")]
transform = Transform3D(1, 0, 0, 0, 1, 0, 0, 0, 1, 16, 0, 0)

[node name="floor4" parent="room_1/floor" instance=ExtResource("1_jttng")]
transform = Transform3D(1, 0, 0, 0, 1, 0, 0, 0, 1, 24, 0, 0)

[node name="floor5" parent="room_1/floor" instance=ExtResource("1_jttng")]
transform = Transform3D(1, 0, 0, 0, 1, 0, 0, 0, 1, 0, 0, -8)

[node name="floor6" parent="room_1/floor" instance=ExtResource("1_jttng")]
transform = Transform3D(1, 0, 0, 0, 1, 0, 0, 0, 1, 8, 0, -8)

[node name="floor7" parent="room_1/floor" instance=ExtResource("1_jttng")]
transform = Transform3D(1, 0, 0, 0, 1, 0, 0, 0, 1, 16, 0, -8)

[node name="floor8" parent="room_1/floor" instance=ExtResource("1_jttng")]
transform = Transform3D(1, 0, 0, 0, 1, 0, 0, 0, 1, 24, 0, -8)

[node name="floor9" parent="room_1/floor" instance=ExtResource("1_jttng")]
transform = Transform3D(1, 0, 0, 0, 1, 0, 0, 0, 1, 0, 0, -16)

[node name="floor10" parent="room_1/floor" instance=ExtResource("1_jttng")]
transform = Transform3D(1, 0, 0, 0, 1, 0, 0, 0, 1, 8, 0, -16)

[node name="floor11" parent="room_1/floor" instance=ExtResource("1_jttng")]
transform = Transform3D(1, 0, 0, 0, 1, 0, 0, 0, 1, 16, 0, -16)

[node name="floor12" parent="room_1/floor" instance=ExtResource("1_jttng")]
transform = Transform3D(1, 0, 0, 0, 1, 0, 0, 0, 1, 24, 0, -16)

[node name="floor13" parent="room_1/floor" instance=ExtResource("1_jttng")]
transform = Transform3D(1, 0, 0, 0, 1, 0, 0, 0, 1, 0, 0, -24)

[node name="floor14" parent="room_1/floor" instance=ExtResource("1_jttng")]
transform = Transform3D(1, 0, 0, 0, 1, 0, 0, 0, 1, 8, 0, -24)

[node name="floor15" parent="room_1/floor" instance=ExtResource("1_jttng")]
transform = Transform3D(1, 0, 0, 0, 1, 0, 0, 0, 1, 16, 0, -24)

[node name="floor16" parent="room_1/floor" instance=ExtResource("1_jttng")]
transform = Transform3D(1, 0, 0, 0, 1, 0, 0, 0, 1, 24, 0, -24)

[node name="wall" type="Node3D" parent="room_1"]

[node name="wall" parent="room_1/wall" instance=ExtResource("2_wtk4b")]

[node name="wall2" parent="room_1/wall" instance=ExtResource("2_wtk4b")]
transform = Transform3D(1, 0, 0, 0, 1, 0, 0, 0, 1, 0, 0, -8)

[node name="wall3" parent="room_1/wall" instance=ExtResource("2_wtk4b")]
transform = Transform3D(1, 0, 0, 0, 1, 0, 0, 0, 1, 0, 0, -16)

[node name="wall4" parent="room_1/wall" instance=ExtResource("2_wtk4b")]
transform = Transform3D(1, 0, 0, 0, 1, 0, 0, 0, 1, 0, 0, -24)

[node name="wall5" parent="room_1/wall" instance=ExtResource("2_wtk4b")]
transform = Transform3D(1, 0, 0, 0, 1, 0, 0, 0, 1, 32, 0, 0)

[node name="wall6" parent="room_1/wall" instance=ExtResource("2_wtk4b")]
transform = Transform3D(1, 0, 0, 0, 1, 0, 0, 0, 1, 32, 0, -8)

[node name="wall7" parent="room_1/wall" instance=ExtResource("2_wtk4b")]
transform = Transform3D(1, 0, 0, 0, 1, 0, 0, 0, 1, 32, 0, -16)

[node name="wall8" parent="room_1/wall" instance=ExtResource("2_wtk4b")]
transform = Transform3D(1, 0, 0, 0, 1, 0, 0, 0, 1, 32, 0, -24)

[node name="wall9" parent="room_1/wall" instance=ExtResource("2_wtk4b")]
transform = Transform3D(-4.37114e-08, 0, -1, 0, 1, 0, 1, 0, -4.37114e-08, 0, 0, -9.53674e-07)

[node name="wall10" parent="room_1/wall" instance=ExtResource("2_wtk4b")]
transform = Transform3D(-4.37114e-08, 0, -1, 0, 1, 0, 1, 0, -4.37114e-08, 8, 0, 0)

[node name="wall11" parent="room_1/wall" instance=ExtResource("2_wtk4b")]
transform = Transform3D(-4.37114e-08, 0, -1, 0, 1, 0, 1, 0, -4.37114e-08, 16, 0, 0)

[node name="wall12" parent="room_1/wall" instance=ExtResource("2_wtk4b")]
transform = Transform3D(-4.37114e-08, 0, -1, 0, 1, 0, 1, 0, -4.37114e-08, 24, 0, 9.53674e-07)

[node name="wall13" parent="room_1/wall" instance=ExtResource("2_wtk4b")]
transform = Transform3D(-4.37114e-08, 0, -1, 0, 1, 0, 1, 0, -4.37114e-08, 0, 0, -32)

[node name="wall14" parent="room_1/wall" instance=ExtResource("2_wtk4b")]
transform = Transform3D(-4.37114e-08, 0, -1, 0, 1, 0, 1, 0, -4.37114e-08, 8, 0, -32)

[node name="wall15" parent="room_1/wall" instance=ExtResource("2_wtk4b")]
transform = Transform3D(-4.37114e-08, 0, -1, 0, 1, 0, 1, 0, -4.37114e-08, 16, 0, -32)

[node name="wall16" parent="room_1/wall" instance=ExtResource("2_wtk4b")]
transform = Transform3D(-4.37114e-08, 0, -1, 0, 1, 0, 1, 0, -4.37114e-08, 24, 0, -32)

[node name="desk_vignette" type="Node3D" parent="room_1"]

[node name="computer" parent="room_1/desk_vignette" instance=ExtResource("6_yt7hq")]
transform = Transform3D(0.258819, 0, -0.965926, 0, 1, 0, 0.965926, 0, 0.258819, 11.7039, 1.14389, -10.5582)

[node name="computer-chair" parent="room_1/desk_vignette" instance=ExtResource("11_xoyfj")]
transform = Transform3D(0.707107, 0, 0.707107, 0, 1, 0, -0.707107, 0, 0.707107, 10.3992, 0.121115, -10.3771)

[node name="office-chair" parent="room_1/desk_vignette" instance=ExtResource("12_und5l")]
transform = Transform3D(0.258819, 0, -0.965926, 0, 1, 0, 0.965926, 0, 0.258819, 12.6773, 0.121115, -10.514)

[node name="office-chair2" parent="room_1/desk_vignette" instance=ExtResource("12_und5l")]
transform = Transform3D(2.98023e-08, 0, -1, 0, 1, 0, 1, 0, 2.98023e-08, 12.6089, 0.121115, -9.31171)

[node name="table3" parent="room_1/desk_vignette" instance=ExtResource("13_w5n6e")]
transform = Transform3D(-4.37114e-08, 0, -1, 0, 1, 0, 1, 0, -4.37114e-08, 11.4926, 0.121115, -9.96082)

[node name="desk_vignette2" type="Node3D" parent="room_1"]
transform = Transform3D(1, 0, 0, 0, 1, 0, 0, 0, 1, -0.255966, 0, -3.36223)

[node name="computer" parent="room_1/desk_vignette2" instance=ExtResource("6_yt7hq")]
transform = Transform3D(0.258819, 0, -0.965926, 0, 1, 0, 0.965926, 0, 0.258819, 11.7039, 1.14389, -10.5582)

[node name="computer-chair" parent="room_1/desk_vignette2" instance=ExtResource("11_xoyfj")]
transform = Transform3D(0.707107, 0, 0.707107, 0, 1, 0, -0.707107, 0, 0.707107, 10.3992, 0.121115, -10.3771)

[node name="office-chair" parent="room_1/desk_vignette2" instance=ExtResource("12_und5l")]
transform = Transform3D(0.258819, 0, -0.965926, 0, 1, 0, 0.965926, 0, 0.258819, 12.6773, 0.121115, -10.514)

[node name="office-chair2" parent="room_1/desk_vignette2" instance=ExtResource("12_und5l")]
transform = Transform3D(2.98023e-08, 0, -1, 0, 1, 0, 1, 0, 2.98023e-08, 12.6089, 0.121115, -9.31171)

[node name="table3" parent="room_1/desk_vignette2" instance=ExtResource("13_w5n6e")]
transform = Transform3D(-4.37114e-08, 0, -1, 0, 1, 0, 1, 0, -4.37114e-08, 11.4926, 0.121115, -9.96082)

[node name="desk_vignette3" type="Node3D" parent="room_1"]
transform = Transform3D(1, 0, 0, 0, 1, 0, 0, 0, 1, 0.131886, 0, -7.09969)

[node name="computer" parent="room_1/desk_vignette3" instance=ExtResource("6_yt7hq")]
transform = Transform3D(0.258819, 0, -0.965926, 0, 1, 0, 0.965926, 0, 0.258819, 11.7039, 1.14389, -10.5582)

[node name="computer-chair" parent="room_1/desk_vignette3" instance=ExtResource("11_xoyfj")]
transform = Transform3D(0.707107, 0, 0.707107, 0, 1, 0, -0.707107, 0, 0.707107, 10.3992, 0.121115, -10.3771)

[node name="office-chair" parent="room_1/desk_vignette3" instance=ExtResource("12_und5l")]
transform = Transform3D(0.258819, 0, -0.965926, 0, 1, 0, 0.965926, 0, 0.258819, 12.6773, 0.121115, -10.514)

[node name="office-chair2" parent="room_1/desk_vignette3" instance=ExtResource("12_und5l")]
transform = Transform3D(2.98023e-08, 0, -1, 0, 1, 0, 1, 0, 2.98023e-08, 12.6089, 0.121115, -9.31171)

[node name="table3" parent="room_1/desk_vignette3" instance=ExtResource("13_w5n6e")]
transform = Transform3D(-4.37114e-08, 0, -1, 0, 1, 0, 1, 0, -4.37114e-08, 11.4926, 0.121115, -9.96082)

[node name="desk_vignette4" type="Node3D" parent="room_1"]
transform = Transform3D(-1, 0, -8.74228e-08, 0, 1, 0, 8.74228e-08, 0, -1, 28.7614, 0, -26.993)

[node name="computer" parent="room_1/desk_vignette4" instance=ExtResource("6_yt7hq")]
transform = Transform3D(0.258819, 0, -0.965926, 0, 1, 0, 0.965926, 0, 0.258819, 11.7039, 1.14389, -10.5582)

[node name="computer-chair" parent="room_1/desk_vignette4" instance=ExtResource("11_xoyfj")]
transform = Transform3D(0.707107, 0, 0.707107, 0, 1, 0, -0.707107, 0, 0.707107, 10.3992, 0.121115, -10.3771)

[node name="office-chair" parent="room_1/desk_vignette4" instance=ExtResource("12_und5l")]
transform = Transform3D(0.258819, 0, -0.965926, 0, 1, 0, 0.965926, 0, 0.258819, 12.6773, 0.121115, -10.514)

[node name="office-chair2" parent="room_1/desk_vignette4" instance=ExtResource("12_und5l")]
transform = Transform3D(2.98023e-08, 0, -1, 0, 1, 0, 1, 0, 2.98023e-08, 12.6089, 0.121115, -9.31171)

[node name="table3" parent="room_1/desk_vignette4" instance=ExtResource("13_w5n6e")]
transform = Transform3D(-4.37114e-08, 0, -1, 0, 1, 0, 1, 0, -4.37114e-08, 11.4926, 0.121115, -9.96082)

[node name="desk_vignette5" type="Node3D" parent="room_1"]
transform = Transform3D(-1, 0, -8.74228e-08, 0, 1, 0, 8.74228e-08, 0, -1, 29.0174, 0, -23.6308)

[node name="computer" parent="room_1/desk_vignette5" instance=ExtResource("6_yt7hq")]
transform = Transform3D(0.258819, 0, -0.965926, 0, 1, 0, 0.965926, 0, 0.258819, 11.7039, 1.14389, -10.5582)

[node name="computer-chair" parent="room_1/desk_vignette5" instance=ExtResource("11_xoyfj")]
transform = Transform3D(0.707107, 0, 0.707107, 0, 1, 0, -0.707107, 0, 0.707107, 10.3992, 0.121115, -10.3771)

[node name="office-chair" parent="room_1/desk_vignette5" instance=ExtResource("12_und5l")]
transform = Transform3D(0.258819, 0, -0.965926, 0, 1, 0, 0.965926, 0, 0.258819, 12.6773, 0.121115, -10.514)

[node name="office-chair2" parent="room_1/desk_vignette5" instance=ExtResource("12_und5l")]
transform = Transform3D(2.98023e-08, 0, -1, 0, 1, 0, 1, 0, 2.98023e-08, 12.6089, 0.121115, -9.31171)

[node name="table3" parent="room_1/desk_vignette5" instance=ExtResource("13_w5n6e")]
transform = Transform3D(-4.37114e-08, 0, -1, 0, 1, 0, 1, 0, -4.37114e-08, 11.4926, 0.121115, -9.96082)

[node name="desk_vignette6" type="Node3D" parent="room_1"]
transform = Transform3D(-1, 0, -8.74228e-08, 0, 1, 0, 8.74228e-08, 0, -1, 28.6295, 0, -19.8933)

[node name="computer" parent="room_1/desk_vignette6" instance=ExtResource("6_yt7hq")]
transform = Transform3D(0.258819, 0, -0.965926, 0, 1, 0, 0.965926, 0, 0.258819, 11.7039, 1.14389, -10.5582)

[node name="computer-chair" parent="room_1/desk_vignette6" instance=ExtResource("11_xoyfj")]
transform = Transform3D(0.707107, 0, 0.707107, 0, 1, 0, -0.707107, 0, 0.707107, 10.3992, 0.121115, -10.3771)

[node name="office-chair" parent="room_1/desk_vignette6" instance=ExtResource("12_und5l")]
transform = Transform3D(0.258819, 0, -0.965926, 0, 1, 0, 0.965926, 0, 0.258819, 12.6773, 0.121115, -10.514)

[node name="office-chair2" parent="room_1/desk_vignette6" instance=ExtResource("12_und5l")]
transform = Transform3D(2.98023e-08, 0, -1, 0, 1, 0, 1, 0, 2.98023e-08, 12.6089, 0.121115, -9.31171)

[node name="table3" parent="room_1/desk_vignette6" instance=ExtResource("13_w5n6e")]
transform = Transform3D(-4.37114e-08, 0, -1, 0, 1, 0, 1, 0, -4.37114e-08, 11.4926, 0.121115, -9.96082)

[node name="file_cabinet" parent="room_1" instance=ExtResource("4_kibtf")]
transform = Transform3D(1, 0, 0, 0, 1, 0, 0, 0, 1, 4, 1.29949, -7)

[node name="file_cabinet2" parent="room_1" instance=ExtResource("4_kibtf")]
transform = Transform3D(1, 0, 0, 0, 1, 0, 0, 0, 1, 4, 1.29949, -7.88308)

[node name="file_cabinet3" parent="room_1" instance=ExtResource("4_kibtf")]
transform = Transform3D(-1, 0, -8.74228e-08, 0, 1, 0, 8.74228e-08, 0, -1, 5.21265, 1.29949, -9.60661)

[node name="fear_fps_camera" parent="." instance=ExtResource("3_ilhe8")]
transform = Transform3D(1, 0, 0, 0, 1, 0, 0, 0, 1, 9.71233, 0, -1)

[node name="WorldEnvironment" type="WorldEnvironment" parent="."]
environment = SubResource("Environment_vafh1")

[node name="DirectionalLight3D" type="DirectionalLight3D" parent="."]
transform = Transform3D(0.707107, 0.5, 0.5, -0.183013, -0.553603, 0.812422, 0.683013, -0.665976, -0.29995, 0, 7, 0)
light_color = Color(0.984314, 0.490196, 0.494118, 1)
light_energy = 0.341
shadow_enabled = true

[node name="SpotLight3D" type="SpotLight3D" parent="."]
transform = Transform3D(0.947465, 0.174552, -0.268032, -0.0385573, 0.894186, 0.446031, 0.317526, -0.412265, 0.853941, 6.58827, 5.52795, -5.1017)
light_energy = 100.0
light_indirect_energy = 0.0
light_volumetric_fog_energy = 0.0
light_specular = 0.0
light_cull_mask = 4294967291
shadow_enabled = true
shadow_bias = 0.0
shadow_reverse_cull_face = true
shadow_blur = 0.829
distance_fade_begin = 93.62
distance_fade_shadow = 304.27
distance_fade_length = 4096.0
spot_range = 28.0985
spot_angle = 39.0406

[node name="skybox" type="Node3D" parent="."]

[node name="building-giant" parent="skybox" instance=ExtResource("7_mgl3c")]
transform = Transform3D(-4.37114e-08, 0, 1, 0, 1, 0, -1, 0, -4.37114e-08, -60.7498, 0, 0)

[node name="building-giant3" parent="skybox" instance=ExtResource("7_mgl3c")]
transform = Transform3D(-4.37114e-08, 0, 1, 0, 1, 0, -1, 0, -4.37114e-08, 234.924, 0, -179.594)

[node name="building-giant2" parent="skybox" instance=ExtResource("7_mgl3c")]
transform = Transform3D(-1, 0, -8.74228e-08, 0, 1, 0, 8.74228e-08, 0, -1, 252.915, 3.05176e-05, 68.8979)

[node name="building-giant4" parent="skybox" instance=ExtResource("7_mgl3c")]
transform = Transform3D(1.31134e-07, 0, -1, 0, 1, 0, 1, 0, 1.31134e-07, -203.969, 3.05176e-05, 253.213)

[node name="building-large" parent="skybox" instance=ExtResource("8_k3rf7")]
transform = Transform3D(1, 0, 0, 0, 1, 0, 0, 0, 1, -57.578, 0, 158.277)

[node name="building-large3" parent="skybox" instance=ExtResource("8_k3rf7")]
transform = Transform3D(1, 0, 0, 0, 1, 0, 0, 0, 1, -172.411, 0, 82.2276)

[node name="building-large4" parent="skybox" instance=ExtResource("8_k3rf7")]
transform = Transform3D(1, 0, 0, 0, 1, 0, 0, 0, 1, 163.901, 8.34583, -22.8067)

[node name="building-medium" parent="skybox" instance=ExtResource("9_caf34")]
transform = Transform3D(1, 0, 0, 0, 1, 0, 0, 0, 1, -57.578, 0, 72.3276)

[node name="building-medium2" parent="skybox" instance=ExtResource("9_caf34")]
transform = Transform3D(1, 0, 0, 0, 1, 0, 0, 0, 1, 83.8214, 0, -97.691)

[node name="building-medium4" parent="skybox" instance=ExtResource("9_caf34")]
transform = Transform3D(1, 0, 0, 0, 1, 0, 0, 0, 1, -55.3248, 0, -241.636)

[node name="building-medium5" parent="skybox" instance=ExtResource("9_caf34")]
transform = Transform3D(1, 0, 0, 0, 1, 0, 0, 0, 1, -53.4499, 0, -314.124)

[node name="building-large2" parent="skybox" instance=ExtResource("8_k3rf7")]
transform = Transform3D(1, 0, 0, 0, 1, 0, 0, 0, 1, -57.578, 0, 257.877)

[node name="building-medium3" parent="skybox" instance=ExtResource("9_caf34")]
transform = Transform3D(-1, 0, -8.74228e-08, 0, 1, 0, 8.74228e-08, 0, -1, 42.4888, 3.05176e-05, 300.881)

[node name="building-small" parent="skybox" instance=ExtResource("10_8brqj")]
transform = Transform3D(1, 0, 0, 0, 1, 0, 0, 0, 1, 54.93, -7.62939e-06, -37.6869)

[node name="building-small2" parent="skybox" instance=ExtResource("10_8brqj")]
transform = Transform3D(-4.37114e-08, 0, -1, 0, 1, 0, 1, 0, -4.37114e-08, 42.5645, -7.62939e-06, 54.27)
